7 4
2.9
2.834 1.985 10.407 7.373
4.761 13.227 2.562 8.460
18.879 6.822 17.264 1.967
5.769 14.692 22.344 3.310
7.011 21.855 13.668 15.921
4.401 9.314 23.141 4.681
6.897 19.879 2.344 31.960
10.264 7.975 8.725 15.184
9.746 1.787 4.854 0.182
8.055 5.087 17.583 13.708
6.953 3.248 14.149 5.945
22.777 2.028 20.457 9.332
6.764 20.109 1.840 15.352
13.436 1.005 15.363 0.261
6.408 17.439 2.657 13.173
6.189 9.821 8.110 12.721
26.469 0.842 0.507 5.497
7.151 2.611 10.192 3.373
3.100 1.125 12.498 4.151
8.262 1.577 2.090 11.061
5.682 16.527 2.563 1.252
13.302 17.968 8.252 9.463
3.566 11.750 8.334 3.971
0.487 16.136 0.186 15.618
6.200 5.766 1.844 7.825
4.206 16.534 8.886 0.386
11.323 11.075 5.965 7.822
6.151 6.707 11.304 7.549
8.814 9.460 3.571 1.587
0.670 1.863 1.083 7.813
5.707 15.557 18.089 5.072
0.890 11.504 25.210 14.342
6.127 10.573 9.134 11.939
1.237 9.843 3.886 4.855
13.550 2.875 0.661 2.837
5.126 1.880 1.263 17.036
4.518 1.172 1.939 8.330
6.448 14.993 2.805 12.769
17.657 7.866 9.055 6.631
12.552 9.539 1.270 3.199
0.054 0.969 2.881 8.339
4.825 6.310 5.878 11.649
16.373 18.176 5.781 0.436
7.430 12.835 7.661 9.715
6.191 0.168 9.173 17.108
4.932 3.589 1.550 7.281
8.318 3.016 4.319 13.098
16.432 9.561 17.628 2.826
7.719 12.670 3.014 9.510
5.333 2.638 25.727 7.666
7.260 2.871 0.298 17.979
0.215 6.618 1.469 3.341
2.180 4.600 5.077 12.596
0.794 4.307 4.320 12.473
2.997 6.677 2.349 35.119
3.119 3.903 7.561 0.178
0.151 8.155 18.265 16.757
2.087 7.233 10.682 12.351
7.584 1.921 9.955 2.080
10.476 4.693 0.409 1.249
26.612 2.070 2.344 9.797
6.250 11.299 1.124 10.591
23.989 0.446 6.559 0.055
15.350 3.535 15.957 5.973
1.538 11.214 12.393 11.041
19.174 5.863 4.099 6.585
2.849 3.527 3.240 2.251
16.873 8.873 10.294 5.292
15.063 9.625 10.661 4.166
3.820 1.948 13.456 13.816
0.887 12.971 17.138 1.283
3.847 11.666 4.570 14.952
16.009 9.381 3.166 0.611
3.700 9.153 6.013 4.048
6.441 3.829 6.243 10.175
8.734 0.488 19.899 13.559
14.201 10.160 9.842 14.245
4.833 8.764 2.294 0.744
10.969 3.185 14.141 3.388
3.678 3.857 4.454 32.460
6.616 3.947 6.955 3.970
5.345 18.379 6.356 3.883
24.508 1.850 10.712 3.265
15.408 16.332 23.013 8.432
22.981 10.614 0.893 6.978
15.797 11.943 0.890 4.784
9.382 25.411 12.611 1.444
1.795 2.972 9.799 8.945
8.579 10.035 11.585 7.552
1.430 5.865 10.432 6.650
16.385 7.275 4.674 2.061
0.598 1.417 12.593 12.550
2.831 15.526 2.793 12.550
3.790 7.327 8.857 8.593
7.055 19.403 0.387 2.557
5.073 10.880 0.360 16.139
8.597 3.374 8.828 9.129
0.954 22.221 8.594 3.306
14.496 12.051 17.259 8.948
5.908 11.800 24.871 1.334
8.413 4.151 10.348 16.823
2.483 12.514 0.748 8.826
16.509 1.468 6.338 4.303
1.519 1.602 7.440 11.536
3.619 6.354 19.853 13.139
12.304 7.815 8.346 0.494
2.825 3.898 13.277 12.171
7.538 4.514 16.237 9.147
12.133 13.632 25.702 5.663
7.479 5.691 2.303 16.946
19.782 12.509 0.505 10.064
15.327 1.416 4.971 3.383
9.471 2.081 5.682 7.846
9.481 3.842 0.295 3.428
8.239 15.611 3.539 9.495
3.358 20.002 2.351 10.912
7.885 10.789 10.255 25.470
20.922 1.471 2.967 9.406
12.286 2.127 0.299 5.599
4.428 2.554 14.330 1.773
0.500 10.852 3.550 2.307
16.660 3.677 5.523 4.596
3.714 17.549 11.290 12.223
5.777 23.564 10.264 22.415
6.994 10.995 2.743 3.204
12.227 15.870 5.367 14.723
2.095 12.833 19.598 1.129
13.665 18.573 3.680 13.026
2.538 17.825 0.677 2.293
15.191 4.287 5.481 2.349
1.585 10.156 7.185 6.514
6.520 10.993 5.546 29.097
4.318 15.987 10.764 3.020
7.595 1.075 11.278 0.974
8.917 2.745 20.698 17.914
32.489 3.412 9.574 6.118
7.563 5.995 5.390 0.574
4.890 1.677 0.533 0.875
5.657 4.667 4.686 0.285
3.859 2.702 18.351 9.427
12.487 6.184 1.240 16.475
2.480 3.797 14.419 3.771
3.156 3.085 16.457 3.821
24.310 22.971 3.821 24.241
8.618 1.542 18.471 0.622
4.158 10.187 6.183 5.757
8.305 0.033 16.805 8.312
4.651 9.979 2.875 0.531
16.956 0.877 13.501 17.287
3.906 1.689 16.811 9.435
3.698 8.005 4.267 7.691
12.777 24.916 3.879 0.270
13.316 11.549 13.820 4.484
9.714 0.225 2.208 10.763
12.169 0.335 1.263 0.044
5.151 19.987 4.196 3.761
1.910 17.452 6.049 0.001
1.305 3.142 1.489 14.153
4.439 7.246 4.778 0.603
8.751 16.742 9.983 6.264
3.858 1.685 8.295 11.240
2.243 4.293 18.850 3.641
6.983 4.102 12.124 7.391
22.534 7.765 15.239 6.714
2.036 3.279 1.892 4.788
0.655 4.596 5.246 11.584
5.302 18.893 4.562 10.473
12.679 0.932 13.218 5.580
5.739 2.160 9.255 9.791
17.032 4.463 0.791 4.532
1.095 1.363 7.730 5.218
8.062 7.607 5.650 7.851
5.952 1.020 9.547 7.815
13.992 19.195 8.944 0.659
8.888 2.398 10.178 4.727
6.037 4.177 12.350 8.638
9.825 15.742 1.337 13.513
13.933 8.622 14.855 10.691
19.974 11.007 6.808 3.217
0.236 19.322 20.875 0.156
7.405 9.257 8.675 2.336
8.060 1.805 11.222 14.967
1.830 8.461 5.916 16.103
4.388 3.123 13.655 1.409
6.980 0.725 2.955 10.251
5.232 0.636 7.980 0.901
2.358 3.754 11.370 5.314
9.565 29.352 0.493 0.702
7.800 12.471 12.117 4.669
8.026 3.203 0.350 0.861
3.383 7.670 23.762 0.346
4.922 0.731 3.293 8.859
4.474 9.894 3.114 11.032
10.663 5.891 5.746 0.901
12.052 2.674 4.369 0.734
18.621 5.908 7.068 11.253
10.983 3.019 6.566 5.854
9.439 6.962 3.071 7.690
6.278 4.461 4.420 11.129
11.393 3.535 20.594 0.233
10.457 6.286 21.139 10.066
6.522 20.716 3.540 6.089
12.012 5.284 29.310 6.577
6.321 4.028 9.129 4.364
4.940 9.158 26.019 11.006
17.976 1.480 0.603 7.623
8.824 5.001 8.362 2.889
3.455 14.491 16.643 5.388
3.507 8.560 12.160 1.002
10.128 19.503 6.794 2.682
14.141 6.888 11.238 11.330
1.271 27.934 27.605 14.663
6.347 3.310 3.943 23.554
9.933 8.104 7.425 1.054
7.754 2.389 1.926 1.726
3.914 15.931 15.209 16.498
0.355 10.401 19.747 22.094
1.532 8.359 0.324 15.016
8.015 4.691 5.293 0.309
5.711 1.246 8.166 4.805
20.726 7.960 4.617 17.720
5.065 10.074 17.446 9.292
13.510 13.844 8.803 25.458
0.649 4.689 4.287 2.553
8.700 10.230 7.779 7.070
7.203 7.810 6.635 8.124
9.532 11.705 11.167 13.150
7.194 13.572 6.849 2.704
7.033 11.901 0.448 8.792
10.555 4.926 2.988 11.210
15.121 14.272 16.440 7.056
2.736 3.680 15.347 2.041
13.210 0.923 3.762 4.627
5.402 13.069 8.983 6.633
1.297 1.135 6.204 4.901
4.269 3.274 12.718 5.572
0.549 2.011 7.204 5.530
9.360 6.184 8.371 8.595
17.694 2.194 9.298 1.385
4.658 7.202 16.118 0.232
11.238 3.555 8.200 6.996
8.878 8.087 13.637 5.420
5.470 5.246 1.879 1.419
2.646 3.666 1.825 8.765
2.111 0.706 13.220 9.441
7.034 10.478 14.025 9.592
3.386 5.701 5.234 0.592
7.865 5.117 9.568 9.036
16.522 10.851 20.673 9.117
16.218 9.056 9.033 0.552
3.883 8.544 7.282 3.432
3.259 7.092 7.086 5.610
8.989 0.955 4.464 2.592
6.750 17.367 7.929 24.155
15.557 15.477 1.362 0.937
11.133 8.175 11.597 12.003
1.387 15.952 0.565 3.363
2.306 13.974 0.978 7.996
0.497 11.772 6.503 8.280
6.591 2.176 2.039 4.559
5.917 6.817 11.451 4.882
12.581 4.708 4.467 3.675
1.508 11.615 16.911 3.611
13.530 7.528 1.532 4.302
0.019 12.132 5.604 10.796
13.389 6.452 6.366 8.596
17.468 3.015 14.796 7.278
2.781 0.717 6.757 3.558
25.637 8.718 10.042 10.131
4.785 10.751 7.075 10.731
8.982 1.511 10.699 1.504
6.431 1.657 9.364 4.646
7.142 3.070 2.036 0.827
12.320 4.543 1.144 0.078
13.817 1.988 8.655 18.831
4.209 19.476 14.144 7.170
5.991 4.939 4.503 21.158
1.092 4.229 17.407 3.268
9.888 16.085 1.167 4.833
2.061 3.498 7.672 3.238
23.718 17.951 11.884 12.172
9.170 19.091 2.004 8.780
8.562 19.807 7.347 8.571
2.815 8.439 5.919 8.215
0.687 6.048 10.958 3.701
11.082 8.938 22.004 2.520
5.726 1.921 0.332 15.335
5.654 22.556 13.374 1.346
4.082 0.065 8.899 1.627
5.536 2.666 4.243 8.033
0.559 20.963 9.168 8.139
6.490 1.164 21.943 13.285
13.046 1.666 3.578 16.147
8.207 4.677 8.385 1.293
5.353 8.642 0.279 6.102
4.418 0.504 11.494 9.433
1.390 4.969 2.084 4.477
0.808 3.597 1.274 1.619
14.093 9.849 13.371 16.764
15.459 4.873 2.143 6.962
23.490 1.086 15.873 1.252
6.429 5.988 7.380 0.368
9.177 8.428 0.978 3.043
13.367 8.533 3.893 5.333
23.084 10.869 17.069 3.460
20.869 5.136 4.475 15.577
21.953 8.361 3.915 1.002
11.968 6.859 4.220 15.534
0.421 5.236 0.427 3.024
2.805 3.776 8.750 6.459
16.118 1.166 14.815 4.701
2.686 11.511 13.343 13.112
9.300 10.111 3.405 4.494
1.945 6.016 5.522 6.362
10.153 4.707 0.196 19.233
6.855 12.564 8.268 6.312
12.426 6.700 15.163 6.194
4.119 5.244 11.580 16.137
4.268 5.857 8.060 3.703
0.273 5.309 1.336 0.062
2.222 7.301 15.987 0.325
2.913 10.878 6.508 0.392
3.698 12.220 22.155 0.689
2.169 1.958 0.289 3.349
1.640 15.559 6.687 21.781
4.337 6.069 5.488 10.330
14.540 6.688 0.869 8.195
6.062 12.113 2.446 2.428
8.377 7.881 0.748 14.189
1.682 9.948 10.443 7.706
11.520 11.546 1.576 5.602
4.541 3.713 5.999 2.701
10.795 21.395 2.199 0.334
0.331 17.127 0.943 15.759
7.622 9.571 11.544 0.431
9.974 14.697 13.709 6.513
14.639 7.100 5.712 6.010
3.426 9.409 2.572 3.392
6.807 4.750 0.617 3.402
0.524 7.723 5.663 5.882
18.074 7.948 10.999 6.637
3.013 1.480 4.822 23.478
2.155 15.159 2.762 8.799
15.442 15.280 14.953 1.603
1.261 0.005 13.947 9.742
9.812 3.658 1.872 2.178
3.399 5.737 6.544 2.316
10.966 4.767 19.213 8.666
5.047 10.906 0.286 3.664
10.240 10.486 8.756 15.162
9.745 1.637 1.227 11.646
0.864 0.968 0.271 5.288
0.209 9.354 4.071 5.678
11.634 2.107 3.771 2.074
3.608 9.150 6.714 12.201
21.629 2.600 16.955 0.192
8.028 2.393 7.057 5.885
3.677 1.111 2.524 10.952
7.895 7.769 0.485 17.110
17.042 7.284 11.054 9.009
2.859 0.320 16.800 9.345
4.356 0.389 5.177 14.664
3.088 7.534 20.038 13.757
6.423 1.329 1.364 2.988
4.978 14.047 14.243 2.332
1.894 4.663 7.284 8.636
8.352 8.637 4.672 14.301
4.731 10.358 5.055 13.415
16.341 1.890 14.630 5.986
0.607 10.208 16.655 1.120
3.785 0.595 20.581 2.931
1.253 9.112 0.082 0.188
9.718 20.289 10.417 16.483
1.918 8.277 5.046 12.902
3.871 0.890 13.452 3.876
3.796 13.488 11.273 17.881
14.028 9.935 2.494 17.914
5.195 1.380 6.465 0.635
12.311 3.743 6.378 5.036
8.675 28.173 8.786 6.145
9.186 1.491 5.620 10.350
1.946 7.554 7.821 6.084
12.899 3.433 15.775 1.987
0.801 10.315 21.357 5.857
11.204 6.464 2.724 7.870
0.052 15.444 9.013 4.674
3.822 14.941 5.331 13.948
5.881 1.709 8.023 2.745
6.027 1.741 10.710 6.207
1.732 5.747 6.994 2.794
9.158 2.298 6.795 3.804
7.823 15.200 11.488 7.242
4.945 17.313 5.078 1.765
6.138 4.619 5.102 2.050
0.311 8.515 11.549 7.684
5.907 9.451 5.162 9.540
13.944 9.281 8.076 1.819
10.873 3.848 3.995 13.973
2.364 9.342 7.618 9.504
2.579 8.287 9.244 2.328
0.229 22.983 5.062 0.066
3.031 12.877 5.858 11.054
12.478 12.484 14.399 20.620
8.490 8.869 12.990 8.954
1.573 4.799 0.637 7.936
9.064 2.268 3.078 10.796
6.115 8.172 11.804 1.584
10.127 0.648 5.035 1.050
14.939 3.840 3.521 10.070
3.995 0.688 6.346 0.505
11.055 11.140 6.191 6.253
3.105 30.832 2.226 14.288
4.231 18.220 7.654 8.540
16.713 0.536 27.609 3.050
1.877 6.148 7.145 5.447
6.644 1.552 0.133 8.430
11.625 20.986 0.289 17.744
6.123 17.679 11.346 3.089
1.718 6.540 2.782 17.617
3.381 8.723 7.342 5.786
16.409 17.508 8.643 1.028
3.181 12.771 10.686 0.842
7.916 6.014 8.367 4.508
7.678 20.795 0.862 7.705
10.660 11.347 7.408 3.803
11.731 4.286 9.330 5.837
4.832 6.489 7.785 0.585
4.677 8.514 6.271 2.894
9.270 2.357 14.980 7.216
3.078 4.485 4.220 18.323
19.064 3.239 9.796 3.104
4.264 2.789 1.013 2.885
0.791 0.152 5.778 19.942
3.209 3.774 3.289 20.696
29.942 12.233 8.059 0.147
10.395 15.358 5.090 6.842
0.411 0.505 4.789 12.666
6.172 1.934 8.115 14.306
7.375 7.870 3.555 5.190
8.198 5.457 7.618 17.592
2.106 1.099 1.739 9.157
1.088 0.914 24.706 5.788
11.623 3.497 2.589 0.637
8.054 6.862 8.068 1.941
13.461 6.821 7.823 1.290
7.440 0.342 1.779 3.611
1.123 19.123 1.294 0.250
8.294 6.247 2.479 12.245
16.324 2.814 1.025 13.484
15.808 3.152 7.499 10.014
11.460 25.608 0.222 10.220
5.967 1.803 14.006 20.096
4.409 9.151 0.452 0.605
6.137 5.077 2.122 9.377
0.283 13.451 0.879 13.217
5.617 6.120 5.377 7.794
14.119 2.460 9.729 6.793
1.169 6.143 6.377 9.679
10.560 5.770 20.833 6.255
14.758 8.976 16.582 20.522
2.909 22.976 18.246 7.062
1.221 1.587 7.931 12.901
14.658 12.963 6.126 19.318
2.444 4.714 10.600 13.531
0.184 0.518 5.656 5.395
7.145 3.296 7.594 3.772
7.805 5.448 4.263 1.575
3.224 1.169 7.502 11.337
5.936 12.524 3.176 19.646
7.781 26.344 45.758 4.448
20.517 18.933 1.983 23.610
0.811 9.049 6.519 0.230
15.977 5.128 4.812 5.502
0.505 0.728 2.453 9.650
15.437 5.112 20.079 5.699
5.084 3.826 15.355 5.672
11.468 2.403 11.234 7.913
0.256 0.128 1.065 0.537
3.888 4.618 6.283 12.320
6.888 3.327 11.103 3.471
3.226 0.394 4.209 8.373
16.901 5.690 7.839 5.459
13.372 1.753 2.047 4.933
20.490 0.502 4.177 14.458
10.371 3.133 0.698 0.464
4.650 16.992 19.452 10.967
18.712 7.270 15.916 24.302
2.471 8.932 16.687 0.663
12.710 27.565 6.750 3.525
20.635 4.662 10.134 3.878
3.637 4.716 2.739 4.782
0.050 1.784 4.237 12.025
6.917 0.260 2.957 2.595
9.724 18.980 1.869 3.081
7.970 19.164 15.587 2.377
0.326 2.527 25.041 15.338
3.667 17.450 1.418 0.529
2.155 23.800 5.131 5.600
5.778 24.519 12.415 8.638
6.608 11.453 11.278 3.283
6.216 5.592 3.174 10.751
4.650 1.044 2.308 3.721
7.683 7.154 10.056 7.452
3.500 7.352 2.374 2.707
3.318 10.989 7.136 10.737
1.728 11.806 15.344 2.725
23.681 2.426 12.256 2.878
2.798 13.002 3.115 10.106
1.932 5.510 4.262 1.450
4.349 20.980 0.003 21.852
5.727 10.204 6.719 0.396
4.599 10.419 10.031 7.872
3.934 6.707 8.778 3.173
5.703 12.556 9.777 30.921
3.779 12.655 6.865 6.207
2.973 5.275 1.662 2.052
6.317 8.966 11.911 2.751
1.175 0.387 29.367 5.943
12.828 1.602 3.375 21.783
6.472 11.126 3.963 4.607
4.454 14.991 4.103 4.694
3.729 10.858 0.267 4.894
0.506 0.130 4.515 7.006
8.711 12.069 1.416 4.666
9.609 6.883 7.284 1.741
4.278 2.776 2.928 3.044
1.948 1.909 6.286 13.644
18.023 2.114 9.618 3.363
10.392 6.735 5.661 8.268
3.090 13.352 4.736 8.759
15.144 3.225 10.866 1.257
3.535 3.516 12.770 3.307
10.771 1.058 2.829 15.899
12.203 10.767 4.913 20.135
8.626 16.323 10.149 7.072
9.498 4.970 2.996 0.686
8.066 12.038 13.974 2.707
6.365 0.967 7.280 13.223
4.424 4.520 15.501 10.221
8.935 15.351 12.371 4.169
1.486 1.973 10.679 14.308
0.123 10.670 7.470 7.219
5.121 1.646 2.233 5.565
2.399 9.336 1.662 1.597
6.685 21.979 1.067 1.177
1.814 7.349 16.887 1.237
10.706 2.592 6.169 7.840
13.546 9.454 6.895 0.549
22.225 14.137 1.532 8.256
2.207 3.743 5.173 0.098
31.948 10.682 12.628 7.247
3.667 1.461 5.673 6.198
2.100 7.636 5.334 15.064
11.753 0.930 26.215 10.735
4.062 6.059 10.813 3.188
3.737 8.508 16.299 13.097
12.556 0.138 14.644 8.439
20.054 4.270 0.967 21.323
1.491 1.199 9.983 4.633
15.192 7.362 8.866 0.571
0.570 11.748 14.766 7.581
10.534 17.968 0.945 5.267
0.099 10.246 4.850 0.219
4.759 2.061 10.262 3.363
0.029 7.220 0.781 6.880
8.507 10.725 0.214 10.616
18.905 32.189 11.127 5.986
7.208 0.475 14.713 8.020
6.520 2.873 23.792 7.523
3.951 14.276 5.927 3.483
2.192 15.833 3.233 7.710
2.840 6.264 3.727 2.330
2.592 1.203 14.225 11.237
9.676 5.164 0.499 0.967
13.782 0.443 5.750 2.477
13.423 5.716 4.908 1.468
18.030 3.522 2.210 3.960
9.301 2.026 12.929 15.083
22.680 3.185 10.570 14.894
10.014 3.756 15.001 18.643
10.768 10.386 2.930 2.119
9.059 22.895 13.493 5.048
15.563 1.167 14.081 9.796
6.734 9.801 5.604 4.036
5.612 6.267 6.705 2.870
5.971 10.996 0.955 7.730
6.002 4.880 6.918 16.430
0.301 1.249 13.799 1.239
6.524 3.539 5.103 21.699
1.455 11.569 1.610 14.562
8.840 21.794 10.442 9.561
16.613 15.462 19.021 2.680
3.924 4.202 2.237 16.160
9.849 8.530 2.029 9.608
8.552 7.208 12.304 5.386
14.742 2.403 7.182 5.728
6.487 16.398 7.576 5.652
12.680 0.364 1.096 27.276
4.398 10.657 5.314 1.007
0.271 7.535 8.214 4.888
1.809 9.331 6.176 4.186
13.531 4.460 19.112 7.355
0.312 17.037 9.396 15.980
1.838 3.817 1.284 20.249
1.414 8.844 13.768 10.577
2.629 0.950 8.183 11.400
12.483 18.999 12.139 4.938
12.950 0.130 22.035 10.061
2.934 2.678 4.206 4.269
0.512 6.958 3.554 6.609
13.630 0.729 0.885 15.367
19.000 9.073 1.799 6.305
3.085 21.407 0.173 2.946
2.636 10.884 1.152 10.641
1.450 7.685 0.323 7.620
8.452 11.287 5.031 5.647
2.894 0.747 28.755 8.207
2.432 1.473 5.132 17.071
13.040 15.234 4.838 2.953
7.706 5.389 20.609 4.003
5.585 8.326 4.867 0.333
14.771 4.984 0.610 6.406
7.645 17.250 2.784 4.537
15.783 1.474 5.196 10.202
1.806 0.933 4.706 14.551
16.994 1.954 13.741 7.440
7.366 2.669 2.930 3.648
1.373 3.425 5.344 7.855
0.327 20.553 6.023 8.170
5.394 24.017 5.956 4.863
16.590 11.557 19.082 7.866
21.505 2.354 3.579 13.448
0.130 0.168 14.885 3.794
4.106 2.950 13.962 3.341
18.952 4.685 4.033 3.239
0.261 18.725 1.102 1.826
3.893 6.385 8.982 6.859
2.370 14.907 17.779 4.399
0.192 21.707 6.220 7.516
5.200 6.089 2.934 0.487
6.048 10.541 5.568 6.786
9.173 6.512 0.846 8.676
5.514 13.842 11.642 4.668
19.849 8.237 7.247 4.256
4.487 0.710 12.902 2.982
10.718 20.408 13.947 15.052
2.974 14.311 9.283 7.562
1.806 2.196 9.137 14.621
2.687 1.657 4.617 2.073
6.426 25.277 21.927 1.162
6.724 17.655 8.420 3.506
19.459 3.237 14.543 6.399
7.413 19.492 8.235 4.694
1.519 8.323 6.327 10.586
9.480 10.792 7.084 8.356
3.187 9.729 8.013 0.763
5.490 4.052 20.648 3.446
12.162 9.215 1.450 4.524
10.389 12.766 11.681 6.855
6.288 13.962 5.027 9.044
11.714 6.021 19.523 7.753
20.422 0.953 3.972 6.121
21.349 10.637 12.820 3.664
0.759 11.961 9.027 6.834
4.285 10.019 2.582 10.517
9.756 6.921 0.184 6.226
3.329 4.078 15.938 6.738
1.137 1.115 3.919 12.207
5.290 1.791 13.989 7.559
8.521 3.106 7.718 0.655
7.264 2.858 4.570 10.964
18.985 11.368 12.239 0.634
28.659 10.500 4.038 1.215
7.002 8.737 6.692 11.653
3.839 0.061 17.345 17.568
13.126 11.939 1.117 1.730
1.262 12.040 1.726 2.287
1.842 21.358 12.451 4.295
9.942 14.216 5.917 0.456
11.459 2.551 11.944 2.441
22.660 9.457 7.576 6.329
4.897 12.932 17.897 11.933
1.010 10.510 4.535 8.509
15.000 14.778 0.683 2.013
5.107 8.435 6.152 1.502
11.906 7.360 1.379 8.042
28.026 2.240 14.106 15.273
4.694 7.710 11.482 8.134
2.298 2.805 3.823 8.025
5.949 26.077 10.997 12.020
1.392 1.283 10.843 19.821
7.293 21.728 3.190 2.182
5.230 9.190 0.369 2.939
6.501 10.638 8.981 4.961
4.708 19.112 2.195 11.150
9.137 15.804 12.566 0.872
0.174 1.674 2.383 1.648
0.137 7.920 14.603 0.192
16.735 9.383 2.370 1.612
3.838 20.974 16.434 6.756
7.908 1.761 9.974 1.362
7.957 11.709 12.452 6.362
4.234 14.708 4.376 5.767
5.648 3.759 0.208 18.509
9.271 2.121 6.376 6.374
0.438 9.559 15.928 0.830
11.520 1.474 1.265 2.131
0.256 11.910 1.071 2.232
6.148 11.535 4.118 5.951
10.180 11.514 10.743 2.614
1.987 1.707 10.739 3.001
15.468 7.117 1.927 6.738
3.729 7.711 4.617 11.778
8.913 3.257 3.641 12.591
5.328 3.994 1.106 17.464
3.043 3.187 5.150 12.890
1.818 5.162 3.536 9.608
5.733 8.933 1.083 17.929
11.226 9.212 0.598 1.980
9.707 0.625 1.278 15.151
0.710 9.388 8.358 2.429
10.580 10.688 0.717 15.059
2.895 5.793 9.563 7.718
8.833 13.078 10.235 9.198
3.693 5.006 17.796 4.621
13.195 6.282 8.247 13.435
0.095 6.039 12.372 3.268
4.166 17.922 7.085 15.973
1.282 16.537 13.107 11.267
2.136 7.414 3.358 2.112
1.587 2.014 2.655 18.086
2.191 1.386 11.709 10.294
6.717 4.824 3.976 7.411
16.739 12.901 3.449 3.637
5.562 6.735 5.134 6.199
1.312 16.260 2.388 2.472
8.430 0.057 4.876 17.408
15.719 3.094 15.408 13.887
3.693 0.604 0.653 2.500
13.914 13.328 10.791 5.959
10.365 5.847 9.735 5.690
11.007 10.378 10.865 4.196
3.094 0.820 3.938 15.260
0.208 16.237 8.390 9.237
8.731 14.707 2.524 13.117
5.869 15.479 5.986 1.571
3.047 8.655 11.465 6.408
10.655 6.129 4.331 3.507
22.432 12.303 26.491 3.760
12.943 0.429 11.190 4.835
0.017 9.151 12.923 8.569
8.144 5.630 1.828 4.353
2.134 7.091 2.072 4.490
14.764 8.741 8.845 15.923
18.606 8.525 1.576 3.385
3.302 21.349 3.516 12.900
4.492 16.334 6.344 11.486
6.366 11.653 10.880 4.448
17.044 2.571 24.958 0.035
12.592 7.480 1.672 2.189
4.793 9.486 3.795 4.563
2.981 4.837 22.302 2.453
19.017 9.744 10.983 22.250
8.473 1.543 10.076 11.534
1.285 5.855 8.970 10.128
3.358 8.783 2.707 9.442
6.906 2.355 5.871 0.134
1.633 2.664 3.061 5.620
13.455 0.171 4.905 0.154
2.023 7.411 14.399 10.249
3.616 7.561 8.454 6.164
1.204 1.461 7.688 10.848
20.185 0.857 17.440 6.990
4.645 8.819 1.888 3.296
6.381 26.646 7.513 10.712
2.192 7.865 1.750 14.494
17.540 8.273 0.255 15.355
13.311 10.042 1.056 15.318
0.070 1.824 5.041 5.958
0.654 13.757 3.123 5.058
11.838 8.938 10.290 1.778
12.456 7.204 7.748 0.075
0.798 3.586 11.223 6.702
2.521 7.642 3.234 9.050
8.494 13.292 16.563 0.817
1.932 10.049 4.342 10.327
5.123 16.862 6.247 6.603
3.741 0.336 12.978 13.381
7.003 7.065 5.071 17.737
11.347 4.194 0.065 1.361
2.711 19.055 2.977 0.683
8.204 17.388 0.983 4.731
5.375 6.925 3.868 12.749
11.551 5.501 1.025 6.669
1.326 5.140 5.305 5.651
2.279 6.935 0.807 6.562
10.784 2.992 0.169 6.423
1.675 1.486 21.055 7.047
7.556 11.762 13.175 12.990
1.042 4.647 1.145 4.504
7.594 15.203 1.671 9.315
8.554 0.372 9.955 14.889
8.642 8.088 3.812 14.234
10.595 1.173 11.379 13.924
7.721 12.868 9.401 1.980
2.240 19.462 3.440 3.660
9.453 8.918 3.585 16.305
9.416 10.839 9.822 9.652
12.338 0.724 13.059 11.231
8.429 4.050 0.063 4.023
4.505 10.383 12.907 3.905
0.833 0.130 23.798 15.229
9.163 6.587 3.873 2.101
11.844 1.931 13.883 13.568
6.023 12.975 12.024 18.110
0.980 2.579 9.574 12.705
14.729 6.014 8.942 2.681
2.888 16.945 3.554 3.409
3.751 6.706 20.654 0.418
24.727 15.390 14.087 10.493
3.865 0.554 5.811 1.548
0.343 2.594 0.559 19.114
6.739 15.270 1.306 0.449
1.601 9.725 1.738 0.496
18.939 8.981 7.639 5.475
2.233 7.827 8.544 6.955
5.189 3.800 1.868 7.454
5.804 8.865 12.201 10.434
0.177 1.889 0.704 15.629
17.204 0.074 13.295 2.630
5.826 6.778 2.030 7.402
19.511 8.011 5.002 5.363
5.484 4.558 4.383 3.065
6.832 12.974 13.398 11.898
7.592 22.419 18.710 12.305
10.996 12.558 8.862 1.027
13.363 7.603 7.207 7.898
9.012 3.613 2.194 2.141
9.169 12.127 15.008 3.216
0.459 4.142 21.404 3.126
13.275 22.908 2.487 11.506
14.832 7.866 4.456 18.736
5.699 1.507 4.862 6.061
12.737 25.422 21.177 2.905
1.071 9.579 3.541 0.708
1.605 2.757 2.055 5.074
1.717 18.543 0.820 9.935
18.689 1.388 14.720 7.617
20.889 7.306 13.422 3.776
11.833 14.223 21.204 8.004
12.707 6.358 2.532 16.854
1.245 17.558 8.964 18.862
8.660 3.413 9.267 7.402
20.662 8.111 5.136 1.539
0.063 4.018 9.834 10.007
17.508 10.482 1.202 8.451
8.247 3.849 6.881 7.573
11.480 18.411 10.879 6.913
0.513 5.417 2.774 7.103
6.278 1.922 12.854 1.800
6.567 1.749 8.056 9.260
6.380 2.716 6.929 5.532
1.443 28.597 14.489 12.963
10.001 9.708 5.670 4.065
7.514 12.156 3.720 18.757
1.880 3.941 0.484 2.001
9.163 12.495 2.590 0.684
4.151 2.738 0.963 8.302
0.054 15.743 10.110 3.373
0.217 3.362 12.529 8.504
17.440 5.192 0.581 7.469
22.192 1.046 11.432 13.852
9.279 0.767 1.467 19.668
3.839 12.432 2.796 5.011
5.976 4.289 4.803 5.188
12.049 9.423 12.956 5.769
2.049 17.750 17.815 7.029
16.139 1.875 3.896 3.257
12.775 3.939 4.878 11.835
14.034 8.646 14.227 6.959
4.587 23.106 8.977 6.305
3.951 26.254 13.135 3.519
25.714 11.143 0.156 21.784
11.441 7.777 16.266 10.502
11.241 4.837 4.042 8.159
8.112 13.631 10.133 22.105
12.354 4.948 1.193 12.776
5.909 18.003 4.427 22.756
11.081 1.291 20.281 4.953
5.931 10.389 11.888 2.368
13.019 1.943 6.300 1.427
4.293 13.453 10.319 9.190
4.979 22.665 2.488 11.470
6.285 2.329 0.422 4.865
5.442 16.032 2.430 10.775
9.067 1.605 5.376 10.520
9.531 6.663 13.131 19.374
9.915 7.244 11.033 15.971
6.282 0.863 5.648 3.459
0.409 11.370 1.369 14.612
13.626 7.165 10.962 1.470
3.026 24.272 2.678 6.200
4.872 0.736 3.434 20.910
0.232 7.794 13.715 7.864
2.775 1.789 9.601 2.036
1.420 0.852 15.269 14.825
24.773 7.229 4.043 12.262
15.342 3.529 4.973 10.987
5.016 6.277 5.603 6.818
11.024 4.122 10.680 2.251
4.506 10.398 2.929 6.320
10.853 1.811 4.409 18.150
0.087 12.801 1.960 3.960
4.038 1.308 9.642 18.749
9.268 6.672 4.721 3.120
13.275 15.150 14.574 15.109
13.416 0.727 25.513 10.037
1.953 22.984 0.686 4.500
1.415 2.966 12.486 18.597
22.522 20.904 11.817 20.786
10.069 17.583 9.256 11.421
4.648 8.886 4.690 7.591
0.568 0.438 15.949 0.059
9.397 6.948 5.752 4.260
10.764 7.185 7.767 7.630
25.587 2.473 12.570 0.788
7.174 7.838 7.847 11.028
15.288 3.989 1.922 3.482
1.003 7.278 0.601 0.929
6.941 16.446 4.032 16.733
10.581 3.914 19.468 0.821
4.558 8.175 3.422 12.864
12.916 6.364 9.614 9.237
8.138 14.283 7.541 10.817
6.239 0.002 3.570 15.669
3.418 0.004 3.420 5.155
7.685 2.151 3.824 17.256
4.400 6.508 10.298 26.303
4.193 16.841 8.877 6.294
4.395 2.868 1.687 1.905
9.524 4.064 9.392 2.430
0.981 0.645 0.040 5.653
17.738 3.646 2.555 0.657
3.096 3.938 11.486 0.630
12.480 16.995 0.421 0.846
12.619 3.671 7.375 4.135
0.570 7.769 7.722 17.883
6.616 5.280 0.205 10.902
5.701 1.422 14.702 1.367
6.498 14.572 11.103 1.466
6.278 1.224 10.596 5.271
12.548 9.770 6.042 4.092
6.219 0.774 1.570 7.063
4.073 22.536 10.194 9.653
2.469 1.018 3.406 2.904
5.792 2.438 12.629 22.347
4.622 5.775 9.526 14.090
3.116 9.047 0.988 0.328
2.480 11.797 6.621 17.369
7.407 5.549 6.818 17.764
4.661 3.319 4.192 1.401
7.336 9.604 13.666 7.167
3.560 15.103 2.007 4.250
0.483 2.774 7.099 15.645
0.020 6.642 16.857 4.350
11.360 8.681 10.372 7.535
16.371 9.405 12.674 9.345
1.961 8.787 18.641 7.006
3.128 10.820 7.298 9.557
4.200 17.710 11.456 1.220
13.398 12.929 15.012 0.066
1.824 4.914 9.750 8.509
2.088 6.012 0.536 22.323
9.655 10.673 13.181 14.503
11.791 0.451 16.201 14.455
3.748 0.272 1.247 1.247
12.606 5.000 2.153 12.284
9.473 14.888 7.807 1.950
2.737 13.009 6.424 4.857
8.996 5.212 15.935 0.405
2.438 12.227 11.712 1.033
21.314 1.015 5.676 1.511
4.490 7.854 1.921 13.862
4.648 22.195 0.286 0.823
16.075 1.480 8.563 7.200
14.073 8.631 18.157 16.252
0.270 5.964 8.328 12.520
4.665 14.551 1.407 5.528
18.385 2.558 6.513 10.867
4.398 11.303 2.075 8.907
16.720 4.701 3.405 1.388
1.674 2.619 4.330 3.220
1.044 1.154 7.619 2.802
3.315 1.534 9.953 5.917
0.056 17.799 8.184 1.681
20.177 3.220 5.706 20.033
1.244 8.358 7.310 1.506
3.189 10.066 12.969 4.639
15.870 13.314 16.075 0.125
3.739 0.570 2.541 1.478
10.276 0.512 7.266 2.365
7.197 7.607 10.423 0.586
11.856 2.291 2.929 6.213
1.217 4.486 17.445 1.900
2.133 10.431 0.171 8.270
3.476 15.950 2.651 9.545
9.400 11.672 0.676 10.548
3.582 2.588 11.838 11.941
14.165 4.885 8.585 9.548
20.049 5.278 14.402 13.775
6.737 8.295 14.235 8.361
12.508 14.975 11.249 23.880
21.505 5.542 8.972 4.963
1.082 1.743 5.535 3.010
6.986 5.609 15.180 6.732
1.291 2.274 8.962 2.084
0.008 5.128 0.420 8.263
4.156 18.687 13.903 22.730
2.903 4.894 13.697 18.659
4.661 4.930 8.160 2.128
2.386 4.385 15.484 4.858
11.175 1.661 8.220 3.435
14.399 8.020 12.056 11.586
8.341 0.307 0.819 5.095
1.919 5.409 13.717 3.674
2.833 10.879 8.619 6.250
3.688 7.013 14.920 0.584
4.694 0.224 1.440 1.057
21.114 9.823 5.690 5.070
18.737 3.784 2.178 7.863
1.129 6.521 7.949 0.249
10.281 15.731 18.049 16.195
3.367 12.185 5.965 2.562
14.175 3.143 10.546 7.574
8.184 7.800 17.740 0.411
8.078 2.244 6.938 1.996
3.167 27.223 2.134 2.649
10.299 9.012 9.455 10.942
3.646 1.049 14.373 4.979
3.675 3.691 10.766 11.080
9.989 14.629 3.581 7.362
25.122 4.251 17.382 12.778
4.892 0.495 3.645 17.724
3.838 17.275 8.380 4.893
1.827 10.252 12.867 8.353
13.456 7.518 6.604 4.016
16.993 0.095 14.924 14.714
1.542 12.008 3.744 4.649
20.182 7.266 0.866 0.161
1.717 10.266 0.690 12.894
10.043 5.368 13.608 4.725
11.369 3.756 12.413 9.934
